Matrix: A{
   116.007      9.591     -3.078     -0.720      4.459     10.074     -8.987      0.998     -1.792     -4.623      0.381     -6.044     -2.227     -7.622      3.273     -5.876     -8.180     -6.356     10.562      1.276      2.843     -2.360     -2.435      9.505      1.744 
     9.591    139.656     -5.959      7.961      0.597      3.297      4.139     -4.562      1.283     -1.113     -7.399     -3.582     -5.794     -5.391     -9.675    -11.043      6.532      9.713     10.527     -1.111      1.185      9.230     -9.682      2.222     -7.066 
    -3.078     -5.959    135.096     -1.736     -9.101      6.619      4.559     -3.551      6.767      8.004     -6.976      6.722     10.944    -10.778     -3.333      4.037     -0.913      3.106     -0.325     -7.731     -6.364      5.256     -3.358      9.693     -5.188 
    -0.720      7.961     -1.736    112.030     -8.427     -3.056     -1.940     -1.866     -0.854      5.151     10.025     -3.054      2.255    -10.389     -0.233     -1.964      6.871     -0.657     -2.882      7.816    -11.156     -3.424      0.763      8.914      8.917 
     4.459      0.597     -9.101     -8.427    156.610     -1.733     -7.912      1.536      9.950     -6.358      9.998     -6.612     10.114      5.526     -3.393     -9.470     -9.870      0.393      8.484     -1.687      2.971     -9.938    -11.273     -7.600     -8.205 
    10.074      3.297      6.619     -3.056     -1.733    136.486      8.643    -11.041     -8.291     -2.341      0.713      4.265     -7.313     -7.017      8.620      2.241     -5.242      8.198    -10.611     -2.554      6.859      8.402      0.605     -4.936     -2.815 
    -8.987      4.139      4.559     -1.940     -7.912      8.643    149.890      1.331      7.583     10.084     -4.008      0.970      9.147      5.265     -7.429      6.065     -6.875     -5.152     10.581      8.003     -7.568      5.215     -7.499     -4.137     -5.799 
     0.998     -4.562     -3.551     -1.866      1.536    -11.041      1.331    138.082     -3.522     -4.359     -0.660     -4.241      6.692     -0.490     10.314     -9.925     10.917     -3.664     -2.890    -10.170     10.482    -11.282    -10.369     -6.710      5.512 
    -1.792      1.283      6.767     -0.854      9.950     -8.291      7.583     -3.522    129.089      5.297      7.414      6.802     -4.903     -2.476     -3.479      9.383     -3.915      2.262     -8.564      5.447      2.857      3.798     -9.244      8.936      3.268 
    -4.623     -1.113      8.004      5.151     -6.358     -2.341     10.084     -4.359      5.297    138.826      5.523      8.209      4.705      7.050     -3.701     -9.633     -5.443      1.946     -8.789     -8.369     -9.785     -9.198     -0.386     -6.317      1.444 
     0.381     -7.399     -6.976     10.025      9.998      0.713     -4.008     -0.660      7.414      5.523    119.589     -3.144     -2.819     -0.256     -2.718      0.217     -6.223      9.617     -7.970     -7.744      1.293     -1.552      8.965     11.249     -1.725 
    -6.044     -3.582      6.722     -3.054     -6.612      4.265      0.970     -4.241      6.802      8.209     -3.144    134.127     -3.719     -8.199      5.008     -4.799      0.925    -10.341      4.481    -10.384     -7.723     -5.613      5.437     10.562      2.293 
    -2.227     -5.794     10.944      2.255     10.114     -7.313      9.147      6.692     -4.903      4.705     -2.819     -3.719    142.371     -8.037     -7.707      6.444     -6.739     -5.583      8.155      5.945     -1.959      3.518     -6.595     -6.661      3.396 
    -7.622     -5.391    -10.778    -10.389      5.526     -7.017      5.265     -0.490     -2.476      7.050     -0.256     -8.199     -8.037    129.481     -3.807      6.250      1.592     -1.201     -0.566      9.140      7.844     -0.356      7.980     10.536     -0.714 
     3.273     -9.675     -3.333     -0.233     -3.393      8.620     -7.429     10.314     -3.479     -3.701     -2.718      5.008     -7.707     -3.807    122.990      6.119      8.407      5.471     -2.384     -0.778      1.978     -1.290      4.036    -11.132      7.706 
    -5.876    -11.043      4.037     -1.964     -9.470      2.241      6.065     -9.925      9.383     -9.633      0.217     -4.799      6.444      6.250      6.119    131.835     -1.721     -3.047      4.050     -2.614     -0.033    -10.000     -0.185     -8.681     -7.039 
    -8.180      6.532     -0.913      6.871     -9.870     -5.242     -6.875     10.917     -3.915     -5.443     -6.223      0.925     -6.739      1.592      8.407     -1.721    141.114      4.884     -1.807     -8.668      8.789     -3.683      1.090     11.291      9.540 
    -6.356      9.713      3.106     -0.657      0.393      8.198     -5.152     -3.664      2.262      1.946      9.617    -10.341     -5.583     -1.201      5.471     -3.047      4.884     99.916      4.930     -2.065      0.179     -0.738     -1.541      2.830     -5.042 
    10.562     10.527     -0.325     -2.882      8.484    -10.611     10.581     -2.890     -8.564     -8.789     -7.970      4.481      8.155     -0.566     -2.384      4.050     -1.807      4.930    149.041      4.319      7.057      9.854     -4.530     -9.188      4.534 
     1.276     -1.111     -7.731      7.816     -1.687     -2.554      8.003    -10.170      5.447     -8.369     -7.744    -10.384      5.945      9.140     -0.778     -2.614     -8.668     -2.065      4.319    137.210     -2.475      6.309      8.567      3.758      9.280 
     2.843      1.185     -6.364    -11.156      2.971      6.859     -7.568     10.482      2.857     -9.785      1.293     -7.723     -1.959      7.844      1.978     -0.033      8.789      0.179      7.057     -2.475    123.674     -2.777      2.998     -9.489      6.008 
    -2.360      9.230      5.256     -3.424     -9.938      8.402      5.215    -11.282      3.798     -9.198     -1.552     -5.613      3.518     -0.356     -1.290    -10.000     -3.683     -0.738      9.854      6.309     -2.777    136.447    -10.036      5.639     -5.980 
    -2.435     -9.682     -3.358      0.763    -11.273      0.605     -7.499    -10.369     -9.244     -0.386      8.965      5.437     -6.595      7.980      4.036     -0.185      1.090     -1.541     -4.530      8.567      2.998    -10.036    133.395      6.596      8.227 
     9.505      2.222      9.693      8.914     -7.600     -4.936     -4.137     -6.710      8.936     -6.317     11.249     10.562     -6.661     10.536    -11.132     -8.681     11.291      2.830     -9.188      3.758     -9.489      5.639      6.596    187.694     10.112 
     1.744     -7.066     -5.188      8.917     -8.205     -2.815     -5.799      5.512      3.268      1.444     -1.725      2.293      3.396     -0.714      7.706     -7.039      9.540     -5.042      4.534      9.280      6.008     -5.980      8.227     10.112    132.555 
}